best model found at epoch NO.19
training:
loss: 0.9071703516153373
c_index: 0.8387055914375325
RMSE: 0.9524549245834351
MAE: 0.7314760088920593
SD: 0.941511088895075
CORR: 0.8640371146569048

validation:
loss: 1.8687343053817749
c_index: 0.7786632447487338
RMSE: 1.3670165538787842
MAE: 1.0538301467895508
SD: 1.3649646549888184
CORR: 0.747114314832733

test:
loss: 1.8358497290775693
c_index: 0.7991772893597685
RMSE: 1.3549352884292603
MAE: 1.0728553533554077
SD: 1.3374163754912685
CORR: 0.7890496716202726

